4649
1946	9493	9890
1824	3171	2998
6887	8540	2423
862	2286	6722
5803	8700	10595
2222	10587	3540
8367	1850	7089
9969	5559	4315
8164	9105	6591
10348	2417	785
9300	9076	7883
2294	10679	964
6490	4643	8773
8728	1322	6663
5489	10769	10728
2454	9107	7735
10530	3937	4989
3343	2916	8855
7414	2422	87
1393	2550	3715
1230	532	4224
2195	4573	7533
1946	8451	10717
10232	2164	2103
4852	4792	3578
4873	4449	2281
6887	2114	10297
6009	789	9519
1334	8615	4896
7831	1318	4687
746	9790	10749
9826	11045	1212
10699	4072	4801
5773	5321	3090
8450	6996	5804
1946	615	1527
10518	5513	4973
1946	193	523
5481	4275	9004
6740	10873	10233
2349	7269	8477
10316	3498	2972
746	7482	3644
8164	5240	10643
10784	8761	1063
3606	5151	2067
6887	5688	2588
2195	6347	8582
746	872	7200
2095	1905	9318
8367	2897	92
9120	3499	5942
9399	10306	5601
10518	5970	1634
9196	390	9088
2264	1530	10897
3728	2044	9777
9946	5172	8588
5489	3149	9733
9196	6408	3416
972	5604	3381
4852	4792	1946
714	4513	5476
8450	9999	3104
10232	9466	7222
6887	8568	3517
6009	1717	3664
10884	962	6854
4852	455	7906
9729	7288	6633
1094	3251	5708
8438	10687	7614
4873	388	3165
6009	6565	3566
3404	7267	6224
6887	3187	7536
9067	8544	813
10784	7812	524
2222	6050	9371
9969	1208	10768
8979	7607	7395
1946	487	10949
1946	2649	5969
1946	7021	6590
9826	3718	5755
4873	8084	7222
5750	2359	3224
9826	4131	6935
8036	85	7060
1946	2717	4626
2976	5188	2211
5445	7021	1601
2919	3794	8635
9439	4540	7640
2875	2812	2025
5844	9035	8103
9969	11038	6933
4322	7630	325
7162	5446	2615
9260	9319	5639
2976	5962	2211
9969	10555	2196
3733	7581	5618
10858	275	3690
4852	4792	7796
5247	7703	5281
8164	4352	5952
1946	5495	7405
4852	4792	8506
1824	1783	10065
1946	9507	1626
9969	1261	286
8438	9133	944
6009	6391	4345
3526	9370	8296
5445	4082	4421
10518	5888	7540
7876	934	2896
1868	5688	9750
10858	4384	2025
1993	2049	174
3129	5394	773
1946	4927	10570
10232	110	8707
1819	6771	8577
627	8532	444
5803	1199	10044
2976	4677	1062
9120	6084	4461
10530	3534	1757
4852	4282	1047
10401	457	6527
5372	1605	8108
2322	7280	5543
6887	1475	9179
8728	3755	6520
8367	2893	9262
5773	9927	3545
746	9271	731
8367	3799	1354
1946	6937	1892
2195	10267	1929
1946	5230	1228
3630	7962	5246
1506	6886	7290
7945	126	10264
1946	9834	3506
8450	2045	9862
6009	5573	463
4852	4792	5717
8383	3305	1739
2095	5319	3258
6616	320	1412
7405	1774	10015
5300	5869	5415
5160	1286	5486
2222	2587	2917
6887	1710	7607
5750	5099	3499
5372	3796	9081
9969	2188	9495
7405	3722	2878
9969	9179	5082
2195	10315	2922
1946	6724	5850
2358	1346	8501
9300	769	1638
9938	8044	7241
10784	6703	9639
1662	7178	8887
1946	1543	912
2195	9494	10337
5489	5688	3464
5356	7279	3735
6009	2553	8219
6887	9484	1936
8438	5764	5645
6887	10056	7265
10784	2515	9639
7320	10581	9639
6887	8608	8187
5605	8460	8624
1472	5971	5871
3549	853	2075
1993	2160	5339
191	1562	1750
4020	10225	5823
8976	8600	3857
2454	10860	1684
1946	9493	3834
10889	7051	2728
3526	6094	10325
9370	9742	8432
10401	5234	7431
7405	1373	8218
6887	1618	8809
4446	1590	5322
8514	1075	3339
7320	8675	10899
9969	6626	6080
6616	10952	9154
9120	144	1400
5773	7405	670
2195	5688	1456
1946	7203	3497
4852	4792	3682
2195	6187	10593
3832	8617	3979
1946	1968	797
6887	523	5729
10789	1596	164
9300	3734	3114
1946	6248	5706
9969	3879	4617
5803	8429	9723
5372	9355	5085
6887	51	2091
6887	8798	927
2095	6087	7524
1230	6212	9674
8976	7996	417
10518	10935	2020
6399	173	67
1946	781	6889
746	3716	9629
1763	6587	3148
742	142	807
10518	1554	1037
9300	769	3
7839	6094	10169
10784	2317	1820
1506	4673	7178
9300	894	291
6887	10313	6830
483	2142	727
6887	244	8341
2395	1929	141
10518	5571	9008
1824	7841	938
4852	4792	9387
10518	4288	4542
4020	7559	5706
6887	1676	10592
7876	10528	8158
9969	8455	2570
7444	4918	7614
6009	2642	7147
6887	6837	7683
1946	1075	1697
6399	34	10465
2195	1963	3913
244	798	8866
9931	5125	334
10401	7563	4114
5773	155	6164
1946	2900	9097
1993	4431	9631
6887	272	7503
6009	10380	10837
7405	6819	547
6887	5316	6528
475	7031	9629
1993	9129	2126
8976	1381	4884
1819	6320	1260
4020	10093	6385
2195	2279	10613
2188	9439	7784
9300	1481	1019
4873	2689	4547
5803	2340	5630
1946	4384	9465
1946	3497	7789
7573	440	5426
3404	11027	810
1012	10274	5747
10518	2080	4790
4852	4792	3151
7067	4264	3116
8514	9390	8923
1946	6905	5791
2222	10083	452
4852	4792	5477
2222	8601	382
1993	8971	3340
1012	3374	291
8736	5608	9165
4852	4792	526
10784	6124	1478
2222	6818	5831
3549	7226	8374
8335	3040	2933
6887	9139	5263
1946	2059	6253
6039	3041	4064
7162	8597	10815
5559	5696	8356
6616	9150	1119
7162	2705	10438
10518	10359	9223
3343	5902	9796
3728	6655	3595
6887	10424	7829
4873	613	10467
2195	6618	2421
8450	10553	7829
1946	2133	5598
8976	10947	1576
10232	9018	448
6887	7666	6901
746	5460	9371
7405	903	6522
5803	6149	2721
8367	7046	3427
10889	9631	3120
6887	5961	9310
1946	5583	531
5559	1773	7756
4852	4792	4236
1946	8641	1946
8450	9438	1682
5372	3348	1599
4873	9525	2354
6490	1118	3067
6887	7518	10553
1946	405	10705
8736	6094	262
9969	1002	3655
7405	7624	2623
6887	52	7829
5372	3178	4271
10784	3164	2498
2294	8613	1831
201	962	1604
6887	3526	9213
6887	3368	2385
1868	9491	10515
2919	4396	8198
8367	1405	7781
9196	3972	343
2919	7274	1528
6887	758	4699
6887	5688	7858
1946	9494	10946
746	144	2037
7017	10098	9178
8367	7632	3368
8976	7090	1070
9067	1183	3312
6399	146	7614
9300	150	10972
2294	4206	7855
1946	6834	9155
8363	6299	2812
4852	4792	10049
299	7068	2092
10232	97	657
2188	9439	1446
1230	9494	2898
2195	3911	3491
4852	4792	1733
8728	10573	258
1946	9828	2260
2294	10201	6000
4873	2330	7142
4852	4792	145
7162	3352	8289
2868	4420	2246
2195	1262	1857
9300	6880	8815
8438	1634	1983
6399	9494	4686
1946	484	10026
8976	7746	7985
6740	1167	6248
1946	1148	1058
244	2680	5677
9946	2904	7771
8976	8071	8640
2663	3600	1959
10518	10696	1453
1946	5328	2551
1012	7676	1229
2222	1994	5693
2976	1625	4932
6887	1420	9774
9399	9491	10831
1993	9295	10897
1946	2594	9463
3181	9263	10022
3404	2958	5059
8976	10172	6263
9399	2468	8574
6887	9084	3664
6740	3001	4544
1946	8472	8119
8450	5730	6682
5750	2196	494
1946	8554	10947
9067	692	2238
6887	9435	10644
1230	1074	8427
8976	3964	4054
5372	3432	1911
1824	7094	4400
9946	3936	10108
7162	9494	669
972	6425	5284
10784	7040	4893
3549	9082	6199
6887	2044	7182
3404	2164	8157
2478	5932	5010
7573	5648	3840
4852	4792	8633
2294	3932	2294
3404	9310	7875
6887	2085	3873
9969	6653	1479
9969	8143	10306
2919	6567	10568
2195	10981	1768
9826	10747	10728
4852	10003	7906
1946	10225	4626
2095	8336	9773
4873	8475	6155
1946	968	1658
2976	4939	10272
1824	2216	5825
6275	4014	6394
2195	6618	6774
3850	123	4545
1946	7633	2741
6399	8	5596
2195	1526	4788
2222	2812	5451
4852	4792	8833
2919	8638	6487
8367	4854	5600
5750	3791	494
6740	2918	10564
8438	10223	7337
4852	4792	7655
6887	6477	5568
10518	10397	10329
1946	7138	5132
2195	5310	6889
6887	9949	209
10604	8483	1920
3404	785	8910
8367	3318	1444
3728	1468	712
1946	1200	5706
8976	7833	7615
5559	509	7398
10719	3705	5076
9042	9697	10551
9826	4521	9496
5750	2354	7756
3181	9999	10743
4579	10177	7416
5773	9890	10208
5773	9596	2591
10858	5149	5526
6616	7129	5269
3728	10603	3922
4852	4875	3722
444	6792	9535
6009	1484	4250
3850	1969	2957
1946	2459	10307
5445	2020	3689
5844	2706	3950
1946	10692	7713
2195	1479	6323
6887	1865	695
1946	6474	5131
9770	8033	1023
5445	1835	2148
3181	2695	2489
6887	7897	2577
9399	588	816
4020	5659	7903
4852	4792	2465
9969	2341	407
6887	9753	5446
4852	4792	1945
3733	8820	7317
8283	9185	8446
4878	10898	6106
2195	2583	10740
2195	2207	2517
6740	4278	8898
6399	7486	5351
6399	3451	8899
752	9380	9913
1946	173	9021
5750	1227	5784
5372	2652	5984
5559	3569	9307
10354	1210	4106
2195	9067	6950
244	2150	3664
3181	6094	5458
8367	9106	7156
10858	6257	9559
1946	6084	2646
4852	4792	8650
6009	3143	4880
7162	5688	7180
2454	5285	2323
2195	7935	9629
9770	1878	5487
972	7923	6966
6583	10138	6762
9300	769	4097
2095	8819	3512
1824	5805	507
9770	6618	8555
192	6084	6753
3539	10361	8179
4852	4792	10466
5372	1171	1143
1824	1857	9413
1472	1755	4605
746	5877	444
2919	8979	6969
1696	7660	11057
10232	3721	9191
8976	5929	2410
2294	804	811
2195	1494	10762
5654	7352	1688
4760	3569	5898
972	7142	4314
627	7929	5960
2195	7208	4355
5571	3926	6473
2195	8811	7162
5844	10340	4003
4791	9999	7616
3526	7987	2709
444	9494	3997
7973	4530	10900
5750	10234	6704
6887	4077	5777
1138	6196	3084
8367	6938	4363
7036	7936	9218
6887	8149	8088
1946	487	8291
9946	9176	7158
8367	2400	5944
4873	4837	4013
746	1005	6048
2454	3634	199
2313	9643	8581
6887	4485	1245
9196	6182	5706
6887	1903	1088
3181	2519	10288
2358	1884	8075
2222	4792	4255
9946	2575	8553
5622	10540	1817
7320	2164	6696
6312	9408	3236
1946	9769	10673
10889	7934	8331
6399	2681	5964
6399	2812	1432
6616	7129	4732
8976	233	5259
192	10135	772
4873	8731	9934
2222	2507	7399
1946	562	794
5773	5106	6228
5750	1171	4435
8367	10066	5336
1963	2063	2935
3832	4792	7359
10348	10043	1628
8976	10045	916
1946	9736	1261
2222	4940	5207
6740	10339	3379
2976	2858	8019
2569	4617	4367
6364	5688	10079
9120	10028	9636
1946	5688	10443
2195	10843	1567
9196	3736	11055
6399	6466	329
1094	10546	4667
1824	675	1345
10080	5028	4691
6887	5959	7961
9969	10037	8260
9300	2875	4271
9865	5280	7407
10348	3658	4973
1824	929	3256
2358	2244	5160
10784	21	7258
1946	1587	8144
2569	3312	1693
5590	9821	3092
9300	769	6548
746	3112	4090
7321	7021	10249
9969	9742	4144
10858	8877	5807
7162	3187	8698
9300	9865	371
746	6153	4090
9865	3739	5707
2919	1316	8459
2195	1358	1809
10530	6094	7274
5773	2240	5035
972	4703	562
2095	9415	4423
7162	5190	9261
2195	4620	3804
9275	910	10097
9969	10742	2570
4873	548	7425
161	3471	10004
3750	6229	2452
1946	10757	11062
2408	5734	1832
1763	3266	4889
5445	637	3965
10232	236	10631
1868	6042	7048
3404	100	8910
2919	1847	2038
7316	7387	7242
244	3914	1691
972	7979	10139
6887	5909	7934
6887	8829	7590
8450	2532	619
10518	2213	9590
187	9834	2660
3404	2490	173
9969	6329	5201
2195	7021	9604
1946	179	10991
6887	2044	8117
10232	6314	7521
8949	6210	5132
2395	4137	7729
4873	29	2159
2195	1555	9130
6284	9494	6958
8367	1565	8423
7320	7820	7235
8335	276	3075
6740	8753	4739
10784	7853	8354
2799	618	3346
6887	9851	5121
1946	255	5995
7405	3940	7155
1946	9127	912
627	1037	847
1472	210	6008
8450	8010	9308
2195	5693	1344
4020	6094	4804
6009	177	7120
6616	5688	9683
3733	9025	3550
1946	5644	291
7839	1542	3345
4852	4792	7677
6508	676	2717
9969	5916	2817
6490	8906	2165
8976	2316	5641
1946	1133	10969
10784	4166	3210
2478	8880	7745
4852	4792	4302
2095	6433	1065
6399	1474	9413
1946	10691	9871
10232	1753	6859
6009	1401	7802
4873	10323	744
2195	10530	2178
10518	4632	9734
4791	844	779
1993	2812	7611
7405	2177	3147
2919	11044	3321
2919	6008	8093
10476	3520	5537
8910	5357	9013
6887	2305	4889
10518	7357	9302
3836	4227	8400
7320	1244	96
9946	944	9833
244	6517	9876
1993	4087	1673
10435	10896	10897
8976	1954	7045
5803	7925	6389
7320	4430	7101
1824	7623	1035
6887	4537	5710
4852	4792	6608
10334	10615	5706
3181	10047	8386
6399	5570	6941
1824	3651	2483
6616	1083	8937
7414	5089	6411
7839	173	4440
5165	2594	1777
5773	2164	8006
1993	170	4050
2574	3361	9629
5563	2530	10578
5160	9153	2358
7405	933	9321
1230	8571	6422
746	6403	1769
1824	6902	523
4659	5770	5837
6887	4644	10758
1200	457	3857
8367	2069	10304
5300	2626	6628
9196	7009	8608
7162	2727	1216
2222	2521	2094
10518	769	5597
1230	8434	1078
2195	7068	512
6399	3918	5512
2919	3589	2919
2454	4667	11040
6887	10868	6246
7316	7244	2215
5773	3814	9804
1946	1896	3925
2195	7439	1268
5803	10205	2513
3728	2079	7399
1946	6559	6249
1946	6571	7246
6887	9369	7222
10699	1031	2137
1946	4513	2417
4852	4792	5613
4873	3616	2025
8335	3276	5689
8367	4099	8704
746	10996	1055
5445	857	8954
4680	9322	4708
1824	440	9371
8976	3920	9297
3181	7798	8035
8736	5654	5161
5750	7539	5199
2195	10335	2496
6712	6311	3971
8736	1533	5870
4892	1332	6909
9826	7912	9718
2478	6496	5306
2195	5347	3945
6364	2029	10582
8831	8740	9382
9120	2238	2993
9300	769	9966
1946	9999	2878
7162	1878	7026
3404	9792	6862
9969	9112	6884
7414	2658	4317
10604	6259	5484
6887	3238	1893
4904	1150	4478
2195	1159	6253
7573	1364	10218
6887	9747	9758
7876	480	9440
4873	8612	9285
3404	9494	4700
10884	2502	10696
3526	550	2462
2919	3645	6431
439	7683	6592
8736	3814	6837
9196	3898	8263
9260	371	10702
746	1062	2922
7166	8060	9428
6740	5710	4667
5773	2	2146
2322	3345	4836
6887	9590	4174
8367	10817	9959
5803	8698	597
2195	4174	3300
7320	1248	7955
9729	8296	1294
10518	5793	4872
6887	6439	3264
9300	10735	898
9260	10417	6208
7162	3807	844
3181	8273	8958
10858	5652	1740
5372	5356	1649
2195	5540	7765
2195	5062	1171
10232	7536	5299
3404	8148	5132
9946	6669	620
6009	7709	2779
8976	2023	10731
10348	4601	10948
2454	5177	9757
2919	5316	10457
1946	5441	5181
3913	6620	5367
2294	10650	3549
2195	10467	6705
5445	4709	9216
7405	283	1286
2919	8059	9156
1230	4208	10440
7162	176	5581
5803	1983	3381
1946	10190	2453
5841	2943	2296
3728	8873	5151
1946	3840	3780
4852	4792	9161
5773	3968	2704
6616	7129	6256
9969	221	1756
8979	7433	204
6887	5959	5657
2195	4666	2881
2195	2722	5805
5559	6516	9483
1230	8454	6728
2294	2816	8231
7162	9757	9798
2095	6856	10021
8164	2714	9744
10530	4384	8397
2294	428	8827
8367	4478	3890
4852	10953	5251
1824	2865	7188
6887	11044	8109
6399	3951	3326
2195	165	2879
8976	4859	9976
10518	3799	8692
7162	1268	7180
5559	10971	6471
2195	1182	2062
4747	401	9598
9938	10036	4149
6887	7936	4391
9300	769	10390
6364	2427	6713
1946	7617	8785
10930	3996	11035
9946	1597	6131
2195	5203	1032
4628	1199	6669
9969	1798	3136
1946	9998	9543
2195	5885	10517
7405	400	4310
9969	6809	7303
8074	9952	5848
191	5223	2069
6399	9165	1682
8164	965	7407
5750	10432	6704
5844	9060	9262
5750	5994	2126
6034	5323	10032
5456	4579	7191
6887	10388	4389
3181	5937	2407
7405	10991	2779
2195	3427	8533
5773	2594	284
746	3008	9654
4852	4792	5930
2294	2594	44
2195	5378	5100
2195	10862	3646
1946	5654	670
1946	2022	6169
10784	10522	8503
2919	3151	10161
10784	8282	5011
4852	4792	7452
6887	8851	7858
10884	8686	9981
4873	9688	5271
4873	303	8905
8976	7090	9629
191	2912	1699
5559	1085	5750
10877	548	6883
4873	10509	7145
10858	2160	10682
3324	7601	6179
4852	7958	2919
9946	9033	9956
10401	173	5422
10982	1278	3881
9931	8293	5102
627	3506	5669
746	10558	4369
6399	9390	4597
5803	9077	4436
2478	5895	8709
5456	5624	7235
5559	2807	3499
3728	6087	3184
2195	9320	10451
7831	6094	6086
9260	9525	956
1946	6087	10752
8367	2568	2074
9969	9638	4493
1094	10994	4127
9826	9056	8802
627	2409	2513
5750	9434	4623
7414	9999	586
1946	7910	7090
4134	4652	10022
6009	6364	5447
7321	7260	7610
2222	9701	634
7320	7085	2790
1946	4985	1892
7444	2289	4581
4852	4792	10006
9120	6672	5942
8004	644	7416
4873	3091	7709
8736	6846	2854
2783	8509	3670
1946	7191	3917
6887	731	1092
2294	8843	4406
9260	7743	4649
2222	3619	7058
8164	5184	7832
2222	3089	1935
3181	5061	7135
4852	4792	3342
10858	8721	9559
742	6840	1281
6740	1424	713
1652	1349	1704
10719	6286	8563
3404	5041	715
3825	6603	7617
9300	8424	1171
6399	10126	4765
6887	7741	7057
2569	6160	4840
8450	3393	5244
1946	9702	2980
10401	8775	4550
4852	4792	3603
9300	6897	8373
9196	9999	9775
6490	5066	3404
4852	4792	3531
4852	4792	9772
2195	634	6551
1652	9957	5844
1946	8105	10156
6009	3416	10430
9946	3802	2286
7320	6532	9639
6009	6364	10836
9300	9905	9662
2195	9494	4821
3606	2405	7676
9826	1633	8426
8450	4362	1682
5750	10477	6704
4852	4792	9579
2195	72	4829
10518	4525	3999
8976	10419	2511
10719	2129	7055
6887	8540	6197
5372	1044	3160
10530	5962	46
5773	10940	6667
6887	3834	7133
1433	9558	5143
1662	8337	5142
3606	5711	247
6887	3187	9176
9399	8386	5061
2222	6022	3548
7162	8235	4224
3181	3594	9791
746	5084	6050
3825	2115	2759
1824	4648	1578
1472	5620	836
4791	3481	2885
5300	3686	7829
3850	6495	2791
6009	2155	920
2195	3658	4973
7839	10857	9810
8367	1805	5677
2875	6094	4806
9067	10647	3030
1946	2212	3775
746	6843	3233
2195	1073	3388
4852	4792	8280
2195	9430	2425
9399	5106	6680
7839	2643	3474
6887	11030	9917
9946	8442	7584
7546	3212	9074
1946	8688	10885
2195	6759	2881
2478	4696	10518
6887	4527	10266
191	9494	4456
9878	10841	6908
4791	2572	4698
8976	6025	808
5773	10175	1678
6887	7351	3818
7162	2365	9912
714	2329	4077
2132	3141	8287
2195	3898	5739
1946	3905	2939
2195	7506	9922
8450	7389	7971
6887	9414	1279
2322	2366	4136
9300	246	1722
8367	9124	670
2195	4066	1735
9969	3648	6585
5773	10334	1746
4791	8248	340
2222	7955	9498
3484	4088	1643
1824	6431	2037
9300	7885	10824
5773	9616	745
5773	8285	6180
2976	3578	7658
2322	1790	11047
1167	4164	3429
3728	9390	771
10518	2025	9282
8910	7418	3326
8831	84	1436
6887	7817	1900
7067	1691	9814
10858	6153	8556
9969	381	2815
9938	9840	5641
5844	10052	5693
8976	3782	2603
5642	7500	10252
10699	5977	2735
2195	1750	2604
6399	1821	999
4405	962	1262
3832	1312	7642
9370	6572	943
4834	9525	4823
972	7764	8448
10518	8400	250
6842	9309	8995
2195	128	8966
5803	3898	6922
10518	8454	7685
5489	4016	10728
2395	4764	8249
6616	5104	678
8367	6783	5944
4834	9884	3725
2195	3588	7990
4852	4792	10017
6887	9777	7566
627	2297	421
6887	6084	980
3181	7751	6974
6887	1184	2827
244	4085	5032
6566	5032	6167
5489	7213	4761
2454	9348	7814
6399	8845	8473
1824	1055	3780
8976	2796	10001
10232	3275	1928
8450	3393	4120
2095	6297	1121
387	6458	3248
2395	537	7327
6887	1722	5782
5773	6233	10287
7405	5537	7458
6399	3831	5974
1946	4531	8993
10719	1928	7064
2195	1256	10554
4852	4792	849
9196	9713	6893
6887	8616	96
3832	8847	3671
7573	8319	5031
9300	2041	9167
5773	7775	6068
6364	9850	10582
6583	9740	5338
6887	435	6538
8763	867	4755
2574	4802	5706
9135	9473	10161
6887	10383	2527
10232	4747	7159
5803	10558	8037
6887	9189	5444
7839	2052	10365
9029	4655	7705
7162	4180	5317
475	8236	2030
8976	6818	3713
2195	4077	8169
10784	1908	4254
6399	9130	8131
10518	2025	4786
4852	4792	4194
10699	7400	3664
3832	10365	3445
6887	6719	7222
6887	8371	428
10518	7607	557
9938	2585	5423
7573	1488	7537
3733	6520	159
1946	4110	6490
7606	593	731
6842	3957	3284
3832	5346	8703
444	4962	882
3404	9934	7670
6740	8204	8996
9865	10046	6527
6887	1941	1863
8976	2937	10782
1946	5654	7664
2919	2385	4093
2294	1936	8104
10248	719	8246
8164	5468	9519
6616	7129	4561
1094	8341	154
3404	552	9236
9196	11056	4489
1946	931	8002
10858	6237	7969
8367	10558	3648
7162	8283	4573
1946	374	551
5445	4160	8609
5654	10259	10054
6399	5281	3378
6009	1012	7809
1946	2481	6130
2799	8175	6217
1012	2709	4071
201	4813	10686
5750	9301	5155
3630	8619	4824
6009	6986	2642
3832	3126	10865
6887	337	4958
4579	7402	5646
7414	3614	3863
9770	4314	9766
439	4921	4756
10518	7607	2059
5590	4462	7132
8960	9403	9899
8976	4094	3677
5372	10398	1675
2976	8190	8392
10401	7060	3209
3181	6094	1671
4852	4792	6051
9946	2658	9251
5445	8769	3363
8976	9456	6376
10334	5904	9735
6887	608	9108
1946	8642	912
2195	9769	4839
160	8626	426
2919	1192	10379
3404	2200	4412
3404	6112	3469
6887	6892	4268
2195	9741	1039
627	5959	7951
6887	3187	3518
1946	562	8750
3181	1207	6961
10604	3215	2995
6887	140	10875
10604	6784	821
1433	2220	8345
8367	7323	2346
1012	6735	6422
627	962	10811
8164	9344	1893
8367	816	10126
1993	1292	7055
5750	2197	6704
1946	3959	7027
8976	5896	7075
2919	3772	693
6887	8063	6913
8367	10560	5677
8364	5083	6336
2195	5363	8774
10401	9365	8221
6887	3713	7357
4852	4792	8329
1662	511	1734
10232	1569	5753
4852	4792	6851
746	8505	6547
10784	2812	2128
6009	2983	9262
9399	10605	7649
3750	5185	7946
5445	3840	7533
2195	10636	11004
10889	1880	7406
2358	7523	2369
6399	3934	920
4791	5173	7282
7839	7749	8567
8976	767	10419
1946	6756	1408
5590	9081	4568
9969	9381	4095
1565	9297	10211
2783	4347	206
8074	1698	8352
7066	9197	249
5445	10852	5562
5773	10004	8408
7320	6557	10189
2195	3547	7222
2515	3168	7162
5372	1709	7744
7162	5396	1526
6926	8263	4366
4873	7683	10695
10232	506	3946
2322	7362	1995
4873	1856	4712
10699	1537	4552
6399	6618	1296
9969	6770	561
8367	8114	4418
3526	5331	1562
1946	10736	1996
2320	1691	1661
5247	1575	955
6364	7743	4492
201	5777	5905
8367	4099	1106
4791	8559	7368
9300	769	3382
7945	10169	5512
1946	6203	3185
4878	5370	6498
1824	7644	8507
10784	1691	7295
5803	545	9802
6009	4025	2785
7414	7543	9015
4020	7911	7215
10518	5199	3815
10784	5017	5825
670	1399	5889
6009	9418	7877
2195	1678	9629
7573	10724	6711
9969	4107	4472
1946	5688	8676
3404	3657	9023
7414	4709	306
5481	6234	4902
3181	2306	8553
8450	57	10839
4873	6552	9079
8438	4486	7488
2095	6084	4874
10401	9866	1990
10536	10029	7501
5907	8826	5416
9120	2198	8256
6009	5492	9120
1540	6944	1851
4873	4920	4888
3526	550	8983
1946	6180	8136
6887	10350	3450
2454	8964	7583
6042	1215	452
6583	1808	2254
10889	6168	6297
5445	7052	5706
9729	832	8956
7316	8043	291
4628	817	4338
1946	4567	1776
746	1073	9232
10401	3065	61
9969	876	1197
8976	548	10086
4020	2925	5706
5750	1536	6704
746	1490	5778
1993	8937	9592
2454	5959	8630
6887	10728	6831
2976	6102	9051
2919	2013	9194
9826	4100	10728
1094	5169	7567
9946	8333	6931
4852	4792	10988
1185	4373	6627
1946	7679	3966
10518	10187	5657
9120	10872	2088
9770	5688	6805
6009	1609	4205
10699	6068	6841
6887	858	2886
244	3456	5677
1946	580	1964
1946	6564	1300
2222	6945	4612
8976	4094	1402
6887	8836	5021
5844	5920	6085
972	996	9740
1946	10617	339
9300	512	4107
4852	4792	4165
7321	4506	7049
10518	5959	1977
6887	354	514
2195	1073	2195
4322	7318	4438
1946	9762	6479
884	7297	10265
9300	4089	6710
10518	3106	5861
10699	6213	8600
10401	2883	10131
7405	4401	7132
6887	8923	6441
1946	6891	9216
2095	5504	8129
5559	537	1964
7122	2814	10998
10699	5213	3664
10435	6522	2381
1946	3814	10256
1946	4722	6473
244	10847	10277
8367	9208	7156
4852	4792	2151
8976	5230	6796
8976	2042	2664
1993	2812	2880
475	6158	7533
10401	7367	8611
8450	7627	5331
6887	11044	8476
6887	8531	10029
1946	5402	7697
9260	4405	10213
6887	5839	9459
8367	5096	9202
791	5858	4967
10719	6240	6239
1946	1245	2883
4405	2106	3636
10784	3933	9794
7444	1683	6597
1946	10146	4731
7162	4860	1418
5844	7404	6154
5481	8433	445
10877	6048	2269
4873	1136	8216
4852	4792	8851
2195	10594	10404
6009	7658	1537
6887	5106	6354
7876	5639	371
6887	8985	9242
9260	7576	2944
6887	7864	3664
8262	5365	2879
8450	4739	8951
1654	3717	6873
8367	1324	939
2313	6002	8121
10719	2806	3893
9826	10937	1957
8736	5654	5062
1946	3894	11051
8363	4781	6326
6887	9819	5549
4852	4792	10140
4873	8977	8056
4852	4792	4051
10401	2463	11047
6887	3004	7612
9969	10268	3481
5445	7862	39
8083	1302	1647
5563	9445	9667
5773	3947	4300
2195	9413	1208
8367	3647	7393
2195	9494	8932
4070	6927	7865
8367	7299	8892
9300	5050	670
1946	4458	5638
9300	4798	7297
4852	4792	93
2322	3473	3107
1946	3342	7144
1946	9434	3882
3750	6071	362
10232	7634	9341
5372	5688	5670
9770	1968	8214
1946	2629	1720
2181	5230	5853
6887	10650	1353
3404	5679	3953
5372	7992	3400
6887	10816	10022
4873	7778	9944
10719	5922	8409
1230	4529	1846
4616	2815	9848
2569	769	2678
144	7090	767
5571	6762	9871
7839	1207	7543
4878	287	3716
10518	9226	1287
3094	8380	9608
9300	9823	5317
971	137	848
2195	4112	7361
10784	10678	821
1012	10960	1297
4852	4792	135
6009	3799	6817
9300	2457	371
6740	8831	9713
972	574	8571
2454	2798	560
7316	1691	2681
2919	1022	5349
1230	3429	3827
4791	2165	6237
7444	7324	9869
6887	2731	4662
8367	4590	7088
4873	10479	8772
4873	8218	3064
4011	364	5667
2569	504	1646
1946	3035	10494
1946	9602	10897
6887	6524	3664
4852	4792	8270
5844	5230	9997
8979	385	3664
10348	8935	5847
6009	5384	9391
8450	9926	10381
8450	9922	10190
2132	8950	3807
5750	2520	6704
6887	7744	8935
746	4339	2496
2322	2931	189
1946	10646	6639
7839	7205	29
5022	2666	3244
10604	599	1595
5160	10125	2358
6887	10870	9046
4852	4792	5365
1824	3272	9827
1946	2997	2640
4852	4792	6856
3733	8317	8464
6887	880	9162
5372	3382	5670
3733	7473	670
9300	10087	6554
7945	3421	4607
5372	3348	5584
746	10972	9629
2358	8945	9629
8367	6786	10859
1946	4411	1211
8618	2021	3275
1946	3187	824
8450	8513	4418
9294	6287	7302
1946	1791	5132
599	854	2479
6399	10557	453
8960	10979	6644
9969	5289	298
746	10558	7069
5773	5598	8003
5773	1892	966
6887	7210	980
2195	6493	460
5372	4456	2625
5622	4269	3904
7839	5194	10782
5803	3592	10417
5773	8682	5147
627	3445	695
9300	9463	9800
5372	9494	473
2976	7129	2499
6887	9969	9298
5773	6798	8091
9946	5754	3340
7606	6094	3988
5773	1939	5657
6887	1280	9706
9770	10251	5251
191	3812	8308
9260	4624	499
4852	4792	9468
7876	2677	2464
2222	867	6759
244	5909	5214
1946	5298	7222
6399	5956	6400
5481	4541	7622
6009	7947	4457
10858	7550	7708
9729	2000	4479
9300	120	7324
1826	3483	4261
1946	8123	3600
4873	4109	6783
6887	9178	775
2919	3395	8066
10348	1378	6326
9300	769	5265
1662	7524	7885
5654	6393	8786
2222	7336	6591
4405	7723	9633
3832	9796	3454
5803	5025	3446
6740	3748	8047
9969	1371	332
9399	9494	5177
5844	7021	6733
6009	2957	2779
746	2753	7657
5445	7529	2347
3404	389	7304
3850	5291	4583
6616	7129	7323
6887	9139	3607
1946	3305	6142
8367	7713	3359
6399	9494	7818
3181	1723	10485
7162	1369	767
2919	3062	10808
6009	6746	6518
2358	1843	5311
6887	6992	6621
2195	9521	8636
10518	2567	11041
5750	3668	5559
3404	9695	9583
5445	6481	5624
3181	9950	10899
5456	6071	5251
6399	991	3258
3913	3593	9071
6887	2299	7094
1946	5471	9561
4873	4811	2708
3192	1080	9674
2195	5408	3142
6887	4713	8382
746	10807	575
8438	4804	1728
7933	8902	4637
7162	2689	10144
6887	9174	8269
10518	6449	603
6887	5488	2493
1946	8838	5132
10232	710	10135
2976	746	7800
7321	9453	3989
6887	4404	6533
6887	8649	9298
5750	5425	368
7573	8173	6858
2222	9991	8337
9196	4507	7877
2358	994	5160
6616	3476	1458
7321	4792	3989
6399	9499	10121
7320	6087	5005
8438	7789	347
5574	3253	670
2195	9749	5429
1946	2615	3567
5803	865	6173
5844	8901	4189
7876	6087	5270
2195	8250	2885
10518	8454	8317
8976	9462	6246
8283	7181	7827
3338	8517	5074
6284	10204	3790
884	9660	3622
2919	10297	835
9295	10837	10385
5356	3180	5539
8262	4647	4487
2095	769	9063
1946	6042	2217
3404	8711	10774
9969	7740	6773
4852	4792	7591
4878	3285	10736
3526	6785	9512
4904	2843	10113
1946	10506	1218
5622	2042	5280
2145	10067	3024
934	6329	2075
10884	8277	3907
8976	2909	1873
1654	4219	4647
2454	2278	7858
5803	6867	3101
1946	95	5026
3728	9494	8644
6887	2782	10728
5559	2007	6357
6887	9421	6942
1946	9736	197
10884	9494	6095
746	9494	2845
191	448	916
4892	6016	1341
1334	10871	2392
3526	7149	3671
8164	3102	1958
4852	4792	10700
2195	8451	4836
4852	4792	6338
6887	6590	10745
6887	184	7472
2358	8873	7561
3129	2340	4480
9196	9514	1029
6887	7465	5121
7316	7950	2370
6009	6882	2278
9322	9172	4885
7839	8388	9162
10476	3977	307
2919	3249	7624
9969	10805	10820
4852	4792	9526
10784	10282	8922
7573	9863	3944
5773	2451	6164
2195	6621	10570
8736	6002	7807
9826	6377	10416
5563	5515	9505
1824	9494	6141
746	9494	5977
1946	9949	3880
8367	10495	7156
216	1199	5822
7162	5230	1788
6887	2602	6419
10518	10856	3243
6399	8871	9759
746	1724	2
6740	8182	9262
6887	8814	2527
4791	10298	1757
10518	7898	7301
6284	6189	7788
4488	2812	4429
6740	7274	3507
9196	5184	3646
6042	8577	2836
10727	9840	9470
5445	6697	4933
7405	10385	3779
9300	3382	888
884	9474	1633
1946	1531	1779
6009	8139	670
2195	3674	10504
8976	7664	10124
1946	8609	2560
4852	4792	9125
1946	6141	7990
4852	9269	5908
2195	10489	4390
8976	2935	4447
6399	2039	4046
9969	9947	8391
7405	3221	3418
2395	7239	611
8438	3163	6599
8979	3498	1263
9120	4120	9262
4873	10492	3438
8367	4226	9293
6887	5130	427
9300	150	2586
6887	41	2314
6887	997	8026
6009	5959	265
6399	6509	5727
6887	4686	3385
8976	4094	2523
8078	5130	3664
5773	9719	9779
3606	6428	6160
2195	3675	10759
2222	6071	2117
1393	8259	6982
10518	5538	1566
1946	9132	6295
1824	8454	5768
6887	6084	9443
6009	4959	5779
6887	8540	11044
1946	9525	3508
1946	4940	9319
10784	330	5780
6887	7254	2493
1763	1940	5582
5654	2583	4863
6887	9339	9621
6951	4234	7863
8367	3388	8892
2095	8731	1349
1946	8033	7905
7839	7688	3361
9300	8856	17
8262	10485	10899
4852	4792	8121
4852	4792	5353
3404	4222	5737
6887	5178	8894
8367	9240	866
9969	8594	6689
5834	4940	6500
4551	3338	9884
10727	3825	10704
5654	4842	4932
2919	504	9671
3543	4790	28
2195	7570	10938
1946	10829	8844
6399	6732	1682
1946	6082	9286
2408	1013	6010
2478	10974	2078
4873	5167	9227
4873	9820	2356
8438	4540	7234
5247	2810	7832
1946	9494	6103
5372	8708	3400
9300	2902	7617
10884	5727	8404
10518	10930	7791
10518	10779	2407
7876	1282	492
10693	7889	9707
6887	1178	5614
4628	7247	7140
7320	1785	2510
6364	10584	7431
10518	8615	9601
1334	769	10671
10604	609	1080
3404	3569	4261
9300	1540	1685
6616	7129	2079
6740	7802	7076
6399	9133	149
3728	3344	8834
6740	10402	4238
8367	4473	10783
8367	1664	4965
1946	4214	8121
5160	9055	2371
9770	8818	2776
10401	9239	7463
3728	9494	9493
6009	5688	7858
4873	2844	698
4747	6071	1673
444	8894	8653
8976	7456	8568
6887	2638	3115
1654	4028	8864
3728	7951	6473
6583	4526	7194
5773	1591	6001
1946	10462	2274
5559	6461	6704
5844	9818	6866
3728	8594	6099
9969	2351	10820
8367	2091	6325
4852	4792	10681
2579	3961	10216
5563	257	132
1824	1985	2115
4405	2720	5953
2195	9434	4731
9399	7882	7423
5445	1458	9554
7573	3382	5238
288	6375	9712
10518	7675	7372
8450	4114	1521
6740	8213	2321
8450	2964	10967
5803	7549	1046
6887	4188	7126
6490	2346	3525
6887	6594	301
6887	2283	7711
6009	9270	2880
10784	9873	6643
1946	9379	1921
9300	7114	3715
10518	3586	8936
6887	9586	5041
6399	9494	9678
244	963	6215
6673	9406	9629
1993	10008	10849
4405	1169	1888
8976	10565	1942
3832	10013	8756
6740	6409	10740
1946	7151	8462
244	3170	1855
10784	8086	9639
9300	4368	731
2195	9493	11009
8763	2594	6917
5803	6561	7027
1946	10021	5229
4852	4792	2101
4873	6651	3199
5559	1749	9420
6887	10387	5655
9865	2812	5194
10719	8666	9037
6887	5688	4886
3181	3018	1221
934	6803	6370
5803	9192	3446
1824	10007	9928
3404	10382	8841
6740	5703	10395
7405	6970	4064
1946	3982	1265
1652	2682	33
7162	5396	10210
9563	7227	1499
10877	7761	5100
7162	4804	1139
5372	9655	1808
4873	7179	10177
2294	1957	6890
3181	1888	1406
3850	10515	1325
2919	4723	6752
5559	8214	490
5372	3382	373
1946	7110	2425
4852	4792	9836
9969	4804	8260
972	9793	4925
10530	5654	4987
2454	2634	8062
10518	4513	2150
2095	6034	238
6399	986	7002
8367	8648	5262
2919	5316	291
972	8832	6330
6887	2570	2493
2222	10034	3683
5773	1360	7433
5456	5564	9766
9120	7828	9923
2195	397	8046
2195	10058	580
6399	1604	1774
6009	5770	126
6740	4536	7994
9300	9028	10375
746	10558	1352
1993	2074	8526
6887	11044	9001
5773	570	449
4873	2386	5408
5844	9410	495
10784	2399	5882
10784	2045	4145
7444	414	6786
5803	4237	3919
2195	6084	3135
1946	2812	7851
5445	6586	7614
6887	5688	9936
6039	10063	5090
6887	3583	8873
2195	5688	6422
2919	3395	7723
1946	6618	4630
7444	3092	4555
1824	5250	2133
3728	6099	8963
1946	3297	4507
2095	1445	4396
6887	1586	60
10784	9027	3542
5445	9903	7254
3404	1515	2583
2458	2147	795
2294	4376	10050
6009	1586	3068
1763	6262	10321
1138	7421	3247
144	10925	7347
2195	3460	10501
8831	3774	2848
9300	5213	10055
8976	3386	4188
5773	6087	3182
2195	7375	3296
1230	144	7993
6583	6094	8891
10518	7915	2830
9300	1540	9626
8367	235	2779
160	6691	7411
4873	4963	2569
2195	9815	6420
8367	4799	10721
1946	10713	109
9196	118	9053
4852	3608	181
5773	6899	3843
627	9852	4672
5803	10854	8767
8831	10233	3738
9300	769	10987
10334	5106	7817
10784	145	3970
5773	9	4080
5844	4173	6238
1824	4704	3941
6887	5120	5573
10316	5424	1243
2181	485	2106
2783	9494	9991
1946	9813	7447
2976	1453	2164
9969	7102	9372
3750	9494	7456
6740	5987	8084
9067	9405	10974
10232	1174	10135
6616	7129	8242
7405	8065	5706
1946	6148	3886
10518	1366	4224
1946	8217	3003
8979	7433	4564
1946	8418	910
1662	10789	7152
5773	5930	894
6887	10595	10910
2222	602	4407
4628	5174	2662
8367	2023	9959
746	4888	7912
3404	10665	9367
2095	6801	6888
2569	8413	10273
3404	6921	4759
7414	2895	1154
7067	1878	2538
8004	4794	4567
6399	6560	1960
5445	3819	3317
10232	8892	695
6887	6003	11026
8949	6071	9268
6887	9000	6531
7839	3885	8397
6887	11044	646
10604	239	10350
3733	5677	3664
6616	7129	8326
4873	8634	152
6887	6910	5258
4405	7162	3211
1946	3868	8987
10348	6118	9152
1946	10895	2888
4791	2396	743
2919	5473	2375
7320	7319	3415
9770	5774	7245
1946	1199	1772
5773	4280	882
4852	4875	5748
4873	5685	2241
10348	7005	5000
9764	7804	6178
4873	10864	9734
2976	7106	1947
7320	5887	2888
1946	2611	5179
5803	1845	5516
9969	4727	6858
4834	1110	8769
3728	9595	8631
9300	3734	10708
9196	6094	3046
9196	4246	7443
6399	9921	6265
7162	9474	3013
4852	4792	5945
6887	7858	1869
4878	5935	2383
1946	8302	7187
2454	10327	5757
6009	6085	1479
4852	4792	54
7405	4119	8837
9591	2642	8965
7320	144	10305
9399	7109	3814
10561	9075	7019
9729	6214	9528
6399	6398	8250
10884	9993	8457
6887	1442	6976
5445	7902	7743
6009	380	798
7573	490	6773
3006	10540	8411
9946	2295	9096
6887	6752	6665
1763	4941	7233
6887	7034	1177
8367	962	10842
2195	3005	9241
9196	6619	2575
4878	3075	720
475	8236	8021
7320	2974	10957
3850	467	4162
8367	6116	6822
6887	1416	2917
7320	6774	10856
10518	7607	4111
1824	3234	3196
6887	9175	7964
1230	9598	9657
6009	2294	3646
7162	4496	5414
5773	5566	882
6399	2923	317
10518	6311	4295
7162	7693	10598
6887	346	8384
8960	3535	3362
6887	5709	10656
3404	5915	7304
9946	8297	9664
1946	10096	5114
5773	5295	5550
1993	8017	3253
4873	6543	1383
9300	8369	4613
1946	9285	8849
1946	10264	1934
4873	1	682
6887	3185	9450
2294	4061	8025
8979	4577	3538
746	7841	7912
1946	1388	5910
7162	5618	4921
10518	9494	3374
7320	1670	2873
1946	2731	6937
1824	6791	444
10858	2160	9058
9969	9668	1118
10877	3614	4785
8367	6207	4604
1946	5426	9472
10518	1263	6573
144	8471	4812
6034	2073	8867
7162	6748	3664
192	4109	7123
2181	4733	10855
3781	9523	8234
10719	2365	4654
6583	1608	1425
8111	10150	6363
9029	9525	7367
746	10305	8417
2145	4999	9256
5445	7730	3570
7414	10271	9674
5803	7057	5131
9969	8253	11052
9339	4703	3974
6364	874	3095
8367	6749	8316
4852	4792	7097
444	8258	8653
10858	3215	7032
2195	45	5333
9931	8004	6617
6887	2115	9032
4852	4792	8098
1946	4940	3035
6673	2960	11056
1993	6065	10362
1946	2583	4907
8367	4840	8892
746	7818	8800
7162	1197	10740
9969	7591	9694
6616	7129	6723
2095	3275	3678
1946	255	3604
7320	8412	10427
7344	5470	6143
8828	7793	3406
6887	5805	4437
1946	7803	10517
1993	4540	3195
6887	11057	7954
6740	9463	1105
7162	5281	3444
10348	1455	9356
6887	4437	4268
10232	4235	11023
5481	876	7799
7320	1183	7917
6887	1068	1750
7162	4992	8419
9260	7366	7324
9770	7447	5432
10604	4450	9104
10401	8210	2431
7405	3625	10570
8960	7411	7698
9946	8076	1610
8367	10125	10343
4747	8958	10061
1824	9134	3504
244	9606	2389
3338	4172	7712
7405	2164	2417
6887	9404	4268
8164	1657	665
8367	3357	1679
6740	9882	10945
1946	8476	6533
8976	5903	1492
2095	8728	4930
6887	6084	3291
2976	6106	2211
6887	1581	8913
9969	7409	10820
5372	6515	8875
752	8309	5259
972	4376	6925
8976	4641	1837
3343	25	4787
1652	9554	275
1946	8426	4825
9300	8137	1267
10401	6094	9093
5571	160	4020
1946	7309	3973
1946	5170	10202
8976	603	7045
7162	4676	1767
6616	7484	7164
2976	7358	1310
3181	9999	2917
6887	241	2527
6887	5351	6120
746	4309	5724
2294	8678	5587
6740	5288	3240
1946	2529	10299
6009	6049	695
7162	4800	3865
7876	7706	2804
10435	10320	10897
8976	255	8536
2322	9868	10191
2195	3142	4218
8367	6032	480
8976	1885	8536
3181	6397	3237
6887	9868	7247
4037	3214	7702
1200	6033	8925
972	8841	8218
6009	3760	4997
5803	9597	6726
5559	1719	2509
746	8016	2201
10401	1433	9112
1946	6077	7150
6009	3336	9981
3728	6550	1362
8728	8797	3078
1946	5683	1626
2358	2389	5850
1824	1372	8338
4873	5542	9151
4873	3694	1371
3404	8275	8676
3343	2713	9796
9770	7971	4698
9946	5635	9024
4488	6094	10462
7414	3765	3738
7791	626	10432
9300	10338	10565
5445	4937	7829
1946	2525	2042
6887	6219	7533
1946	1509	1470
10232	6261	4211
2195	9805	7616
5654	5002	5547
6887	5229	3897
1946	4922	6717
9300	769	11039
3750	6205	7411
9399	10858	8574
6887	3187	7678
9196	8128	4853
10889	3556	10095
1094	9334	7780
6887	3305	5442
8976	4940	5966
7468	10055	10001
1946	5404	1626
4873	6973	2213
7320	1768	3494
3343	6094	5517
6887	7521	9162
9826	1840	600
6583	3601	3237
8736	8578	5278
3850	9122	7718
9969	1328	10306
3728	3577	4380
1946	5688	6889
5445	11040	4416
9969	2086	3907
670	10931	8096
6887	2767	442
6887	11057	1
1230	9494	7382
8078	1287	9767
2976	5928	3856
10784	1842	10512
9300	769	7351
2976	1789	3584
10719	9525	10919
4873	3624	5776
9067	7964	716
9196	7173	1937
9946	3245	2001
9770	544	9603
8831	7907	670
6887	9773	3492
2195	2046	1001
6887	4218	2822
9826	10220	9517
746	4785	3269
9300	769	7996
9260	10400	7407
7606	3677	3546
6887	9816	8461
4852	4792	6995
8979	8417	7748
9260	1175	5089
5559	2744	3499
244	1275	18
6009	7558	7506
2976	800	10340
6887	9689	2493
2569	1171	1997
8367	10977	7287
6399	4262	1948
6887	7728	9902
2783	5235	2763
1946	2724	1451
5773	3074	8208
7162	8154	6029
4852	4792	3529
6740	5704	8968
1946	792	2436
6399	4909	7815
2294	7237	1165
2454	7238	1729
4873	2127	4989
6312	3898	1164
6887	10710	1498
2222	9235	9129
2322	7280	8430
10518	7596	8583
1946	4761	3896
10699	7640	3664
6887	4634	9556
5356	1264	2206
2195	10272	8519
2358	6537	10824
2783	4266	2887
599	1022	10999
6887	9581	9763
6887	4022	4798
9196	5721	590
10530	1207	7402
2195	8073	223
244	7124	5283
6887	7034	7277
6887	4146	7875
10476	8909	2874
10518	10961	1571
4873	1235	1213
6399	4692	8837
4873	452	3794
4852	4792	9910
7162	7887	5619
6399	2464	8680
10348	10920	11060
2195	779	2496
6887	6293	4771
1946	5654	1149
2195	9723	3296
4011	7641	4809
7162	9737	7929
9300	8137	2361
6399	10081	5420
6951	10513	8286
6887	7791	2944
9969	2977	7886
7320	6112	8354
6616	7129	4683
7945	2771	8825
1313	6482	10633
9294	2447	3410
2976	10892	5016
7162	4931	8814
8450	3494	4468
3338	7037	8973
746	5382	882
6399	6479	8656
3913	3929	6686
8164	3858	7829
4852	4792	502
2195	1391	5239
9399	7960	2572
6887	616	919
4852	4792	10220
1993	6657	8526
1946	7309	1377
5571	6963	6473
1946	5017	3348
2574	2812	7852
1275	4535	2236
10348	10103	9126
1946	9813	1003
1946	6450	8954
2454	1691	5296
6740	5605	8531
2195	9087	10022
10518	2421	444
5773	4907	882
8367	366	584
4852	4792	2561
4372	6094	6133
3404	648	10090
972	5575	10411
8949	5503	2307
8976	5232	10173
216	1199	1668
2195	2785	5253
10889	313	6297
2919	8102	5935
5844	5192	11019
1946	2178	6253
6399	5606	926
8367	4414	1270
1946	3596	4294
6312	8522	2149
9729	4871	9392
1946	6618	2049
1993	908	6527
7573	3275	6509
1393	2592	444
9300	5413	7352
1472	9048	6618
10884	1701	6810
7444	9449	882
6009	9314	2948
5654	7816	10442
3850	6321	10289
6887	10641	1739
1946	3809	9851
6887	9759	608
8262	4146	2236
7162	3187	9594
3338	7037	389
9300	445	10972
2919	1022	10537
8438	5013	5968
9853	105	9072
4852	4792	7369
884	4511	9760
6399	7267	6194
5997	3348	5677
1993	4540	5132
6399	7267	9092
9300	350	3803
7839	1691	1145
7162	11024	1500
10884	875	2765
2195	4776	7104
1946	7439	7259
6887	6443	6737
6009	5033	6172
6887	11044	10458
2294	4719	67
5481	962	2105
2195	6094	9016
4852	4792	1681
8450	688	1561
9300	769	3629
1946	2583	1344
3920	6071	1891
791	2477	4463
10232	464	6347
7162	7081	10002
8976	3855	8536
475	3233	6362
4020	5132	7533
1012	9517	447
746	8767	9077
9300	4983	5512
9370	9480	943
3404	10120	1719
5300	10609	3439
6490	10157	2915
1946	8072	2841
1946	10749	10759
8367	7805	5677
1824	7319	1515
4873	4629	4657
4405	8376	3715
2799	7942	10809
5445	243	5706
1946	1199	10562
5300	5747	8337
8831	6467	9510
9865	1317	8342
6887	9494	10483
4852	4792	1580
1185	9541	2305
1946	9604	327
1946	9495	5978
6887	4961	980
1946	3515	6861
4852	4292	2884
9196	4115	5856
3728	10521	5820
9826	3305	5258
9260	3161	7910
4878	9417	8550
10784	14	1114
7839	10530	7512
7162	1705	455
6887	8167	6524
4782	9525	6298
1946	8008	4484
5481	3983	5886
5372	8766	7510
9196	10856	4941
2195	9235	36
9399	1325	2963
2569	9494	5116
7067	1638	3618
1946	672	10123
8367	4520	10282
10858	7448	10854
4852	4792	10283
3728	2176	3000
3526	1246	9592
6009	2233	7055
244	7168	10432
7162	9494	767
6616	7129	6897
2313	3505	8529
2195	8861	5065
4873	3468	1795
5803	10531	4639
6399	8560	6366
9946	8469	4232
5445	1497	1211
6887	2638	7777
1946	9198	6832
7313	9812	444
10232	2352	9385
5372	3382	5428
3181	6132	8542
5654	7599	2944
7344	10443	7810
10877	10678	9649
3404	6470	3640
3549	5688	4844
2993	962	8813
5445	4324	9909
10858	2580	9821
10719	4092	9352
10604	6094	8477
6887	1429	9100
10518	9011	10463
3543	9941	6745
3338	3038	10657
4852	4792	1636
6399	2642	8733
2222	8421	2438
1946	1907	2545
1946	9010	5519
6009	8112	6585
8450	10592	9365
4852	4792	2669
6399	7211	3380
10334	4222	4147
2919	129	5917
2919	7530	3053
3050	9661	7119
5773	10909	7172
5372	4887	6528
2095	2004	1868
746	6343	1080
10784	8681	2432
8728	3969	1112
1094	2085	2780
10784	3360	6468
244	3207	8172
1946	7899	9230
2569	4123	8158
3728	10192	452
5773	7568	6164
4873	5995	4862
2976	3023	5024
1946	10684	4565
2783	9809	1274
1824	3974	10639
10348	516	994
4020	9538	3965
10807	4260	1376
8976	7867	3664
6009	640	5097
2919	5519	4554
4852	4792	10183
1946	1299	737
7320	1368	9562
8262	3305	8022
2195	7144	3778
5445	5484	9262
6887	9830	7798
7320	8238	2315
5372	7319	6527
5481	1593	10586
3750	2966	8195
8976	8674	8536
3404	7853	8573
6887	6084	6938
2569	825	8376
6399	7383	1682
5750	9606	5559
1946	10901	1626
8976	8805	6782
5456	3482	511
1946	3087	3963
1393	1016	2746
9300	6130	3664
6887	5811	9868
1993	7252	3248
9399	5755	9787
6887	10157	3701
9969	6704	1229
6583	8888	920
4834	2762	8632
6399	5910	9643
7162	10131	2058
2195	5764	8340
6684	2821	9447
1824	8249	2242
6887	579	10418
2195	5688	1664
4791	5790	5656
8367	1145	2608
2195	4294	8908
5445	3215	2587
201	10865	4603
8976	5772	8536
8188	10030	4491
6009	10809	5560
746	764	913
6399	3164	7759
2349	3956	5991
7945	8802	69
6399	9390	2428
10784	9329	7258
9399	9494	1779
8831	10154	5119
1946	5532	1626
1654	2153	190
2395	10983	5897
1946	3311	8622
9399	3516	1470
4579	6309	6747
3850	5063	3885
10232	4242	5895
6399	9599	2157
6887	7636	6248
2195	8457	6655
2454	1510	2085
9770	7464	10332
7162	6084	8571
6887	9967	2472
6887	4062	7876
10232	1751	9951
6887	2136	9718
10232	10938	5498
10889	7960	234
4873	166	7750
1946	5924	9851
9399	1877	2280
10884	8584	4067
5456	8385	2406
9149	10054	2755
10393	3632	9553
6399	10530	5330
1012	7355	8884
2294	10783	9534
5481	900	2268
9196	10675	4601
475	10188	6681
10348	5609	7614
1946	1672	1124
4852	4875	6349
5773	4109	1335
9770	9592	4124
1824	7551	943
10476	9468	1166
4873	6860	10301
4802	6478	4981
8074	1720	2419
5803	2640	9965
219	5421	10149
1946	1745	10200
10699	4272	4926
2095	8817	6397
2294	839	585
1946	9217	1153
7162	6620	3407
6584	5978	3664
187	3441	3476
5481	6388	5276
2195	10558	9408
8910	7183	6020
2454	8999	9388
9300	4089	2586
8367	3977	3944
3606	8962	1283
9967	2490	5937
6887	2054	10508
10518	2096	7391
6399	7155	5404
7162	4678	6257
2976	9769	374
6887	9768	2527
8164	1461	2884
8618	7319	1127
2222	1995	662
6009	2275	3554
7837	9999	10548
2195	547	6394
1946	10524	5026
1763	9855	7920
5559	9494	6077
5654	173	9471
1946	2128	2396
7162	5688	8679
3666	3130	5297
10858	9330	9917
5445	3101	3635
5658	8281	4643
4852	4792	8252
3181	8097	8217
1824	3175	766
1824	7609	854
5445	5272	9629
6399	10381	10449
9300	10664	10834
6887	1136	3438
8367	1010	8994
1946	5688	4777
10858	4623	143
6009	9154	6150
6009	4089	4944
4873	4922	1056
9946	6711	8958
8736	5106	1617
5559	4866	9420
6399	4884	9924
8367	7817	2437
5803	87	4990
3728	4558	6914
2195	1435	3669
9770	8508	10359
5456	6071	1261
8976	1165	10851
2195	9560	8989
10884	4357	3236
10518	769	4973
9300	769	10880
9300	3670	9432
4873	602	2839
6887	2420	1739
3728	6761	1170
1946	4758	5100
1963	2063	7737
9969	9684	4008
2095	458	6159
10536	4431	4066
1946	6115	10405
10784	4493	2177
1230	9494	9659
3484	2962	1045
9969	4261	544
767	1512	3149
3404	8506	4969
5773	4438	3696
7320	5397	9469
746	5591	2862
4852	4792	1727
10530	4874	2340
1269	8881	6587
7320	6839	800
1652	9878	4702
4873	978	9456
9969	9494	7419
6399	1658	737
6887	2054	5829
8831	7874	6900
2783	1464	2624
10719	9546	1213
9770	7973	10202
7162	4554	5414
6399	9639	1082
7320	7595	10577
1540	10069	9027
3526	6094	5936
8438	9017	1879
1824	1155	6829
6399	1143	10771
3728	1662	1230
1946	8050	10517
746	543	7613
6887	5287	10915
6399	4872	10555
1946	5688	3441
7066	3358	2778
8367	1344	8325
3889	9494	5534
8450	4152	9086
10518	2595	4973
6009	3073	1711
1662	8337	4167
6887	8566	5956
1946	10091	1627
4852	4792	2899
4873	2404	6959
6399	5469	341
9300	1360	1896
3181	6036	6248
7876	9477	3506
1654	8939	6577
4852	4792	4951
3543	3026	1137
3404	8367	2631
2195	7068	3031
5654	10225	8981
2408	3159	1211
3913	4977	3664
2976	9701	5690
8367	2003	10771
10784	7475	486
2919	8540	7272
8728	2582	105
2783	9827	4983
6399	1883	3739
10518	10359	10011
5773	8638	5548
2222	7955	10154
2799	5936	4204
4873	10599	1188
4873	4878	5308
9969	5131	5341
9120	3337	1491
5844	8365	10761
1662	3854	2309
6740	10355	3379
7162	7319	7465
9399	9897	9519
7405	8444	3286
4852	4792	9509
5750	378	6704
2919	1271	6631
6887	4663	2580
2222	8944	4498
4852	4792	5694
8450	5551	6374
10877	7940	1249
1993	5849	7581
4791	823	3590
6887	367	1684
599	6071	8165
6740	7936	4827
2454	3340	1684
1946	10702	945
244	2757	7103
6887	2638	710
6887	3818	10875
2569	8669	3262
5372	9963	3846
4852	4792	4378
2195	8013	5873
9295	5688	9243
2919	1499	1916
6887	4190	3563
778	9620	3646
1012	22	1875
5803	11041	3664
452	6969	6040
10604	2193	1462
5559	8671	494
5773	661	10021
7791	1708	1995
9301	4385	10870
2919	8034	8661
9300	769	831
2222	4940	5049
6887	1004	2860
8514	5945	978
6887	9734	5442
10518	7399	3664
10518	4898	9629
4134	581	8012
3484	2675	7833
6399	8871	8131
10877	4940	2942
7162	9407	10052
8367	9390	6798
1946	7821	1626
9938	11028	2143
8976	7417	2597
3728	10159	6096
7162	6431	3431
6887	6084	6012
627	4500	958
8450	1217	6029
2358	975	9106
5445	9455	202
2195	1693	4789
6887	6976	1051
8367	2037	7177
10401	7784	5312
6312	1376	10250
4873	3617	654
2195	2242	10897
6887	10309	9306
5844	5230	1652
9300	81	7324
746	4441	5861
1946	7605	7464
9300	2170	9835
6740	4440	7053
7162	1295	5538
1946	6071	4293
10530	9494	9656
5372	6282	8312
5372	5268	5678
1946	1949	2980
9399	3415	10897
1946	7422	636
6583	7446	432
9946	5845	851
4405	1201	8380
6887	8318	7221
4446	4949	6182
6399	8558	1682
5165	1394	1964
746	3711	9371
1946	9101	9122
7320	6403	839
7316	7578	6273
8450	5560	1147
9300	6400	1623
746	4560	8311
6399	10787	9413
8976	8379	7615
1946	5757	7155
4020	4342	8840
11016	7414	9266
1946	2075	330
8976	5055	3533
10877	2555	2273
1946	3655	7614
2454	5959	21
5803	548	9822
6887	6764	394
239	9594	10828
5773	4403	745
7067	4011	5259
244	5236	5677
7162	1007	10013
2569	3334	1133
1313	8438	10897
2294	10316	7533
6009	5690	26
3404	4932	4700
5803	3069	8324
7444	3285	6097
4791	8559	4079
5372	10338	2786
6009	5023	7895
4852	4792	6652
1946	5198	10391
2195	484	6016
5773	6320	2091
5563	206	8110
2358	3703	1375
1946	5840	3506
4852	4792	7641
6887	6080	5340
5844	3789	8171
10877	5645	5100
7036	7180	10402
1946	3037	1301
2095	1598	10622
5773	10329	5621
7320	393	10341
5167	10788	6218
6887	6260	1715
8450	6907	10839
3549	2139	7639
8164	4083	8540
7573	6922	229
4873	6366	7660
6399	1902	5796
7405	5688	7732
2222	7117	3967
1946	8668	7332
1230	5359	4201
9729	9401	3337
10401	3047	7522
2195	884	2051
972	7382	1292
4852	4792	10620
4852	4792	10506
6034	1028	10485
2195	9190	10115
5445	6709	5723
5445	10443	5666
8367	10501	6126
1868	2828	3165
8960	2536	6565
9300	5300	10174
1946	10703	5402
4170	6094	6475
187	415	6226
10518	5056	3971
10184	2402	1684
4852	4792	7168
9969	3089	8535
2195	6779	10897
4852	4792	668
7162	9494	2100
2919	8018	7893
7162	7782	1701
4852	4792	10596
8367	1691	4959
8367	1457	9080
8078	6971	9830
6887	4999	3003
4405	950	3267
2976	8940	2455
4834	9092	7111
1472	907	9464
3404	982	3111
8367	10693	7393
6583	3484	5304
4747	2084	4677
9120	2856	2907
1868	9172	7018
5844	2494	9378
6583	3200	2662
7162	3187	535
7405	8623	1302
5481	2401	6193
439	5631	3248
6887	3239	444
2478	6364	4618
5773	8489	7193
3181	2920	8561
9300	769	8984
1946	4792	3126
2569	4943	3770
5372	3763	1156
8618	9497	8645
5247	382	208
7316	8751	3155
972	3594	3241
1819	7586	5104
2976	4875	10887
1946	3676	8307
7316	769	291
5773	3420	10627
10232	6261	9511
9300	769	7749
7791	721	2882
3343	6094	3948
4791	2221	6290
6399	5004	8043
5654	5654	4740
2195	2303	8582
7162	6301	7221
6951	42	10680
7573	10276	616
2195	8845	6905
6556	6056	1822
2095	8874	8775
10348	1540	11035
10877	5688	7157
7344	10258	6560
9399	144	8094
4873	3448	4503
6616	7129	3313
7162	8883	10734
2195	2735	8608
1993	173	4920
5654	7646	1436
8736	9494	5266
10348	4098	964
9196	5458	590
9826	684	600
4904	1418	371
7162	1924	7956
3728	8612	7574
6887	2044	9803
7414	5040	6712
5773	5196	7012
7405	9529	10475
6887	2612	1279
5750	3137	5775
1946	10403	2885
4873	5972	6982
9300	769	1867
9399	9494	10022
187	2986	4257
7067	6417	8067
2195	809	10303
9300	769	2796
3404	3028	7167
8367	2601	4000
9029	5058	10386
2195	8467	6271
9196	154	3822
9770	1046	2336
5773	5688	6287
6399	9390	10057
5803	11003	5949
11016	1066	8614
2195	9886	6326
7405	5461	912
5372	1081	9895
4873	2335	2420
3728	6723	2
6399	2673	2883
1946	207	9308
10976	5771	2182
5773	1600	6804
10858	3240	10403
10877	3789	1249
5750	10540	5559
6887	5386	4471
2195	6633	339
8976	5731	1304
5750	8255	8162
6490	1006	8506
2569	868	6651
746	4417	9968
3181	3990	8958
3404	2526	8567
9299	7614	7995
6740	7074	8332
5167	3692	2770
1993	9257	788
7414	8821	10172
3733	4843	9648
7313	8792	2992
9946	6645	8596
5773	2516	1445
2976	9576	6300
1946	5389	2478
6887	3316	10010
8367	6823	1895
9149	6185	4028
6887	6717	3403
6887	7326	10347
6039	786	11008
8450	1361	9947
6887	6084	3093
4852	4792	11012
3728	9987	7381
6399	9813	163
6887	6054	7964
7839	7829	4385
8438	6319	8740
5559	12	3499
8367	5765	4559
5481	10975	5536
6887	2988	5076
9399	6442	670
9067	933	5471
6887	7419	2414
9300	4999	5716
2294	10042	67
6740	5760	5795
6009	4804	6027
3484	8716	8972
9399	2398	8574
1824	732	2272
4852	1486	4329
10699	7847	3664
3181	5867	2593
6887	2324	996
2569	79	2725
4579	10493	6661
7320	6505	7014
8164	6074	188
8367	10074	5677
6887	9494	3517
9067	6589	10804
6887	8793	2884
6399	8527	3468
7414	6094	8673
7162	10421	4303
4873	4042	4283
6887	8924	4665
6887	2661	8819
6887	9318	5883
2395	8051	5897
8367	7365	866
5803	541	6091
6009	1547	4053
6887	10914	2527
7320	10744	3903
2195	5186	620
6583	2628	1232
4020	2812	5451
8736	2566	8738
546	1906	194
9300	677	5551
6887	5688	3154
5773	6956	8091
5821	898	3248
6566	5297	8031
8540	4560	5380
2919	9516	7249
6399	5296	6124
6673	8773	861
791	7248	10875
8960	2042	9872
5750	2805	6704
4628	9613	1609
9260	9126	1008
3526	9765	9592
5445	8415	3271
6887	5792	10315
7573	3935	2078
5773	8576	5943
627	3275	9619
1946	4133	10948
2195	6511	9492
4852	4792	11028
1946	3898	6815
2454	5767	10208
1946	7182	2885
4852	6186	9612
6887	5873	3702
2195	5290	2881
2195	9494	6200
2574	6361	6401
2195	1327	2412
10789	6618	5132
7162	3783	6185
2222	8382	6748
6009	1923	3237
2993	6423	2485
8728	3199	3521
2358	7231	6986
10518	5831	1037
7320	1449	8527
6887	8567	9213
6887	5257	3118
5773	9465	4667
475	2096	3659
6399	4461	8653
10884	3225	10270
7320	5044	59
4852	4792	7766
10889	1735	9334
161	1274	8613
6887	4892	10782
2222	5962	46
4852	4792	6936
2222	7289	6939
9770	410	6198
1946	4295	1101
5803	2208	9421
191	6683	9443
10518	5158	2461
9770	5000	8042
5481	760	8517
9300	769	1747
5654	5067	3490
1946	6431	268
8736	700	10014
1993	7738	3714
6887	4828	1344
6887	1697	8187
7162	720	7469
2095	2360	6655
1946	3801	3062
1946	8406	8113
1763	10428	4404
6887	3491	3616
9300	769	458
1946	6571	3895
10348	8774	9861
6887	2991	9106
1946	255	942
10518	5959	5345
8514	5945	8847
4852	4792	515
6887	5395	5988
2195	8242	4742
7162	4492	3449
3728	9390	4133
8450	562	6682
9770	8234	4671
1946	5349	6415
6887	8315	739
4852	4792	3028
5773	4144	7083
6887	7711	8163
746	4200	9629
6009	8117	7802
1946	2123	11050
7162	7667	3766
4791	2276	5743
10401	3912	74
7839	4412	9708
4873	1409	6690
5773	9831	2487
9300	769	697
5445	5659	3639
10232	11045	9819
239	7619	7734
8004	6662	7533
5773	3252	7222
10348	1535	2063
5445	2979	5706
4852	4792	518
10401	7082	3524
8831	6071	3601
9969	690	10290
4020	5941	9629
6842	6862	291
1946	6617	5706
6887	7441	10456
4791	10287	8647
8111	5726	227
5559	6454	3471
6399	394	9060
8367	8929	7140
8828	2731	10136
10884	7393	664
1824	11045	9437
10858	5278	3639
7162	7537	1572
7320	7202	6389
9196	6471	2331
7320	757	8140
2195	484	3826
244	1400	5677
3404	6327	4797
10604	6094	6100
1993	4518	7039
10518	3399	4608
1819	6907	3483
2195	3535	6889
2195	7932	8860
6887	4804	1512
6399	10395	1613
6887	5316	9030
7405	6819	3369
1946	548	4261
10976	4701	7877
6556	7917	9797
2943	9658	10786
3404	5975	8047
1946	8033	2944
1819	993	7614
1946	7995	7694
6887	2209	8889
1946	3896	2885
714	9750	629
6887	6331	3518
11016	4697	6254
9300	769	2210
4852	4792	6395
3549	9933	8864
10232	3224	623
7162	8784	4071
6399	1467	639
2195	263	2939
7414	6649	7892
10232	5627	390
5481	6120	9220
5559	6218	1510
2919	1930	2632
10858	933	1369
6399	867	6029
6399	4804	7304
7839	1157	10675
7414	10191	5451
2222	785	9332
5372	4289	4069
2294	1237	6047
6887	2395	7112
9946	9390	7370
6616	7129	762
9300	9887	6442
1946	3433	10752
5750	8702	8566
2195	1140	8835
9399	9347	3356
7405	7313	10093
8716	7908	8806
5750	163	6704
9399	9494	4638
6887	7936	5696
8736	3971	7830
4852	4792	7967
7066	2622	1005
7945	4252	8273
1946	9703	9008
4878	423	8807
6399	6978	1464
3181	8519	6623
5773	11	10538
5773	4222	1534
5654	2164	3804
4852	4792	6865
1230	4614	7596
2195	5829	4312
2195	3475	10077
8367	3277	10151
7320	10748	9336
9120	6364	8943
1334	5284	9877
4852	6084	10072
2294	1403	8272
7320	849	10856
791	2953	3161
6887	5873	1126
9196	4017	7634
746	144	6601
1393	2715	9308
1393	2173	6335
7017	10416	2044
2294	1640	9537
7516	10884	7260
1946	331	2679
4852	4792	9879
6009	2002	1845
6887	1524	157
8976	6431	1009
2195	8158	7429
2783	3371	9451
5773	4513	7530
7876	9923	10851
1946	351	339
1946	8334	10212
1946	10999	1933
9399	3194	8134
8438	6854	10576
5773	10830	1130
2919	9525	1524
5803	6670	3664
1946	5245	6266
6399	5752	1960
3728	9494	8952
5167	7673	6780
2569	1822	10138
10858	2534	7793
7162	4804	7504
3606	3096	10262
10348	9355	1337
6887	9250	3577
4852	4792	1766
6887	2414	8843
3079	2211	9024
7162	989	9255
2195	9824	6430
3404	6728	43
9946	2768	4390
1662	10380	9150
2294	607	6047
6887	5317	4693
10348	9535	1170
7320	1973	5644
2195	4822	5524
3181	2876	6232
8335	189	9766
9938	7594	9823
6399	5500	10909
6887	1240	4743
3343	8953	2795
5445	9894	1211
5773	6958	10060
5372	10973	9080
9770	1965	7690
6887	11032	4693
6009	3223	2692
5654	9619	2075
1946	9629	4131
6887	2594	6538
6887	8167	1641
5907	3896	4979
8367	1844	207
10784	9940	5780
7405	10435	118
6887	4390	812
746	3776	10863
2195	9138	912
9969	280	10528
7405	4580	8935
3728	335	471
862	8637	5498
1946	315	2887
1946	2276	7195
9969	2301	7964
1946	7513	6486
5803	5332	3664
5372	9709	3740
972	4284	444
10784	7406	9799
4791	10530	6251
444	2065	9461
5300	8022	8528
1654	10105	10862
2569	1649	10830
2976	7249	4846
7162	5940	6028
2195	1946	10517
9878	6071	3703
5803	4148	1893
2478	1073	3723
4852	4792	4207
8976	7086	6377
9729	9742	10361
3630	8398	7615
2195	6084	3511
4873	1517	9043
1946	353	339
3850	5407	6572
9244	1290	5586
4834	2026	8769
951	9942	482
4873	1064	2087
2195	9681	1795
6887	3046	3258
1993	318	6233
5773	4728	670
6740	928	4973
9120	9291	3205
8367	1889	8258
475	8236	833
7573	2266	10820
8831	867	9852
2919	2109	2315
3404	8995	4695
3549	9846	6577
1946	10791	11047
6887	4190	1279
4878	7206	4026
2264	5563	2842
1946	173	339
10518	5333	950
8976	7779	731
1946	4802	2412
6887	6087	8033
6887	10100	1440
7320	409	3356
10719	4501	864
6740	591	8549
1433	8870	10753
7405	1904	10275
4873	6830	2705
10604	8496	8623
7162	1610	4693
5559	6874	4514
8367	9721	1950
7320	2725	3971
5750	680	494
8831	650	1246
5907	2731	4867
10784	4960	10417
1652	5230	8154
8367	8122	6450
10518	3865	162
8976	218	3253
7320	6536	5388
5803	3898	198
2095	7429	7826
1946	4927	6422
2181	8125	8662
1993	2593	10747
3526	7672	1965
1946	10218	9546
244	8590	3414
3606	6428	5535
746	6760	4990
6740	3620	5703
10530	4072	6321
7321	4969	9497
2358	2110	7432
5803	4084	8357
6887	515	1470
10232	9137	9355
5445	10781	602
4852	4792	1596
1946	10741	6748
8367	9366	4946
2195	4125	5181
6616	7129	9177
2783	9936	7511
9260	3292	6369
10348	2548	6407
6740	4557	5761
8831	10226	6528
2195	398	9749
11016	9059	7123
7162	7815	1129
4873	2012	7980
1946	1285	8509
5206	396	2298
2458	5261	371
9969	1935	2680
1269	8710	6587
7405	3069	4212
1946	10412	4609
1946	1311	2814
444	9494	9308
2195	5163	5612
2919	7937	10161
1946	7445	4626
10858	5707	9839
144	1398	7209
10348	9494	3672
8736	5654	670
10348	3660	1501
2454	4181	6715
10127	6725	4326
10518	1984	6982
4791	4960	9454
7573	10061	444
1946	6893	5706
5022	3379	10890
6887	2044	4298
6887	11042	5575
6887	2265	376
444	5130	31
8367	1250	6248
10518	10197	4061
6399	1824	6249
10877	5142	10128
1138	6592	566
4349	2908	8838
2195	5565	7519
8367	9104	9753
10784	4870	4599
191	5855	670
6887	1547	9085
8262	9441	1795
1824	8325	9629
9399	3187	6331
10401	921	1196
2976	483	5260
9399	3661	1785
10784	7771	7619
244	4260	5700
9826	10283	8000
6616	10924	5383
6887	294	6429
6399	1532	5152
6887	6616	3664
5372	1171	1637
9865	5387	10146
3728	3424	3107
746	7377	5009
7344	4540	6473
2195	7258	3083
6887	3835	10939
8976	386	7123
2195	4202	5386
2095	5106	7494
5445	9589	8954
9969	4057	10306
5559	5281	9062
8367	9799	5909
6887	11044	728
1993	8882	1253
6616	7129	1513
972	8943	4031
2322	10649	2894
6616	7129	3949
10127	10917	10498
1652	3509	5597
10127	3958	4409
6740	9135	3109
5750	141	6704
7405	3255	5333
3750	734	4644
8976	7834	10519
8450	121	10654
7320	6954	444
6009	548	5769
8716	6147	11047
6616	7129	7417
6740	429	6164
2919	7797	3839
8736	179	4063
1946	10390	97
2569	4957	9336
2919	316	6154
6887	5773	2944
452	4056	3664
2454	4012	2779
2195	9367	10161
6887	1539	5883
1230	2357	4833
10604	2812	10992
10858	3304	8160
8367	328	5701
8450	138	9424
10518	563	9595
6951	3244	3377
4852	4792	10996
4873	5739	6221
6887	2332	96
7444	8400	3509
6887	6084	8124
8736	1703	2662
4488	955	569
2919	4241	9234
1824	8518	411
1993	10729	5438
5559	9243	5503
7606	4974	7769
8078	4552	9209
4791	1787	6937
5559	9494	8102
2574	3215	7388
627	1067	3991
9275	9473	6158
2222	7251	4646
2574	6618	7763
2195	9221	6889
9969	6546	8449
6887	4178	4602
4852	4792	539
6887	9978	7362
6616	7129	68
2574	8155	9629
641	5230	5317
10858	2648	776
7573	3679	10306
7320	9090	2882
6887	2531	6677
2222	7036	7286
3404	5688	8676
1946	5611	66
5750	1572	10785
10518	3658	4973
191	6395	10474
9399	3865	8366
5803	7662	4261
6887	1102	3930
2222	4265	2180
2195	9588	6522
599	1817	2054
1946	5075	5132
10604	4044	2367
4852	6	67
8367	798	8892
10401	9761	2500
6583	8284	1856
5559	1632	6438
8367	5281	1391
8335	6433	9766
9300	11036	7071
5844	8032	10897
6009	799	1708
6887	1136	5913
10877	4054	235
10784	108	3911
2095	9525	5894
6275	1958	6459
6009	8830	6473
6887	3863	6830
6887	10536	2739
2919	3587	4557
1946	3110	8761
7396	2812	7614
1946	10387	4259
3181	1863	6262
7320	864	6106
6399	9813	10170
5773	2232	9804
10348	2700	5860
7405	3398	4310
6887	769	8784
10232	10167	10795
5022	348	2922
7839	1207	6676
3850	9530	3953
6887	2707	1739
3728	6773	5414
6887	11044	4275
6887	3285	2169
5773	10427	2327
10221	10493	3253
244	2091	1434
6009	4459	1441
1946	7520	9357
7791	610	7965
6740	4078	1546
216	5396	5254
10719	2993	4329
2569	1171	9782
9969	6985	2912
8976	4307	8536
6887	4067	7073
3606	3540	1037
1946	7996	339
7945	9937	5850
2132	9752	8578
1946	1199	606
5750	8124	3224
2358	2390	3804
1946	10307	9524
4852	4792	7469
4852	4792	451
1946	9729	9734
4852	3396	1847
8960	2594	9402
10727	2780	4752
1946	3744	6889
746	6290	203
10699	2973	4837
1946	5688	9555
2976	1076	9199
6399	214	8008
2195	10465	7648
7405	5243	2740
2943	7654	2965
7162	7884	764
8716	3810	1204
4579	2687	7039
7162	6403	8365
10518	5348	7667
5803	5296	30
4852	4792	9837
4852	4792	1594
8450	9999	6659
8367	6261	3183
6887	2728	1754
6887	3636	1740
6887	2114	3992
2222	4679	1319
8367	5377	7413
2919	8800	5287
5750	9109	3384
4873	3742	5120
6009	3223	4420
12	1107	9008
5445	489	1157
160	755	10947
3129	1895	6372
5445	10062	4500
1946	2175	5015
1167	4466	1235
9300	9525	7613
1313	6280	4237
1946	5654	6078
5750	7455	2762
10232	10441	5753
2195	6917	3296
6616	6151	5307
6887	4146	2944
7405	9948	10414
2574	131	9629
5372	9296	6322
5355	7092	6570
10530	2812	8612
1946	2471	1382
3181	10105	8150
5750	9037	1686
8976	8938	8555
3181	2704	5362
3181	6753	10158
7162	833	6751
8262	6200	9741
6009	9053	3466
9300	150	5660
8262	2054	5786
2195	7286	8358
10884	7310	8597
1946	1289	10517
3526	10307	10046
10232	9475	4329
9301	4587	930
4852	4792	4532
3899	4895	3273
3728	7186	6552
2222	7021	2010
1662	3854	6019
9300	769	10947
8004	629	10201
6887	2576	7928
9339	6700	3664
10401	6813	7176
2195	2333	3627
6399	9494	7360
5425	7293	9203
6616	3798	7528
8367	2562	5466
1946	5018	506
2919	6952	6127
10518	7331	8527
5773	8356	4127
3404	4079	8625
2195	10910	6838
2195	10476	9116
2195	99	8989
6887	8466	3971
10784	5288	855
6887	3922	2493
10518	6677	4749
9969	6942	6244
5773	3325	10485
972	8806	1874
3850	6757	9754
4802	10493	6661
10518	7607	2865
5481	161	2769
6887	3713	7569
6399	9440	6328
7405	7163	5982
8367	10392	9040
9826	9525	1740
9260	10960	9204
6399	6202	7442
1763	8322	10012
4873	9390	3480
10232	2365	3485
6009	10396	2829
9938	5258	3457
444	5954	8653
5305	696	10444
1946	656	11038
5750	5782	6641
7162	2955	7963
1946	4927	5218
5773	7567	745
6616	7129	8259
2395	5692	7393
10518	958	7923
8976	3642	3247
4791	9387	4891
9300	769	9533
4873	8746	7406
6887	5820	2872
6887	2209	4808
1946	1452	1261
10348	10731	2625
7573	1585	1949
3526	8865	9290
6740	4207	1404
2294	9234	4776
6740	7802	4845
7573	3250	4306
8367	10471	7925
2195	3435	2881
6364	5982	9609
10232	10266	883
8976	1547	9902
1993	5992	587
9969	1728	786
5773	1300	6001
10348	10345	7860
4405	1951	491
7405	6371	9897
2195	357	6248
1946	5143	9734
4852	4792	8306
1946	4332	7231
6661	7604	134
10727	1691	4336
1824	3477	6096
7405	5369	8130
9196	1829	3646
10518	8615	3335
8367	4446	9923
4852	4792	342
4852	4792	1901
6399	3889	1960
9729	5464	6649
4852	4792	2212
4791	3631	880
10401	2812	3247
1946	7054	853
10884	5175	3929
6887	7786	7964
6740	10869	9519
6887	10109	5981
4852	4792	2722
9294	5856	1157
3404	10220	6343
8367	10182	2306
2919	2998	10549
2095	4303	291
1946	10507	1036
1868	6665	1107
10401	5699	7304
3920	1666	10358
10727	10786	3366
7162	8851	10942
6887	10650	5999
1946	5001	6889
5481	6087	11059
2195	3563	7714
4873	5425	6204
2919	4015	1798
5445	4222	4240
3181	2412	3746
6887	6087	10246
6887	5688	10939
2195	4782	453
2195	2078	4344
8976	8390	10034
9300	5327	6816
10080	10073	478
10784	2045	4444
3728	5844	10861
5456	6071	361
7405	1780	5706
1824	492	8205
6887	1766	10078
2976	10612	2779
1946	5141	10570
8736	1151	9589
5844	3638	2699
5611	359	7707
4873	5547	8292
1946	2482	3664
5654	8930	9304
3549	8192	730
8367	2731	4490
8831	3824	3642
3404	2119	6445
8910	7830	7795
8736	6883	7618
2195	1317	3632
1946	9822	5113
627	7690	4741
475	10188	8506
2195	5219	10808
4873	3288	3058
3606	8661	10709
10232	3756	1657
746	10367	4970
10184	9072	10161
2574	375	594
6887	1772	7646
6009	6337	9025
10232	3681	9951
3094	6094	652
8763	6094	8293
6399	9389	9094
3404	1310	1066
2294	1434	3379
10784	2812	5938
10604	4763	5847
2195	10592	731
2919	5475	8478
4982	7628	3051
9196	6628	10940
1946	612	339
10518	2622	5098
9969	2492	2714
5773	7849	10669
9217	8817	8991
7414	4420	363
752	9835	2536
4852	4792	11006
6887	2594	3207
5773	5137	6339
7162	10912	9655
5773	2240	3280
5563	2742	5580
8367	2091	7663
2358	2164	8265
3343	7520	5217
1946	8989	6528
1946	6965	6688
5773	4684	7552
1946	7439	3489
288	186	10782
7837	9403	9247
3850	4618	10286
9969	4583	8911
4852	4792	9901
6887	7039	4540
10518	9494	8527
3733	2693	8196
2195	7860	7790
5372	6193	3715
5160	2609	10965
9260	7733	905
6364	5582	6713
6009	8020	2903
3181	6706	1671
1946	9493	4380
2095	3541	7207
746	980	9629
6887	5451	1802
444	6127	1206
7162	10925	3685
1012	6600	2339
1946	3846	5706
9729	7401	4161
4852	4792	2921
5773	5106	10983
1946	632	8053
7405	525	10475
9969	6769	1290
9946	2854	8669
2574	10493	5698
8450	9889	8547
4405	130	8957
3549	10905	6819
3404	7312	10519
6009	8408	156
2358	144	6427
3606	10132	5499
7945	363	8930
746	4284	4661
2222	5396	1743
1185	3915	8485
9826	7976	6887
5489	5959	1648
6887	578	3518
9120	8772	3319
10976	3845	7877
7162	1752	726
9399	4157	8574
9770	2331	2400
4904	6336	72
7405	1296	8627
9300	783	3675
9300	5213	1071
7320	6982	10577
2783	7922	6205
8976	8227	8540
6009	193	4032
2919	8153	7823
4873	5944	10798
6887	10401	1385
7162	1320	767
1652	667	3762
7344	6800	9559
6887	354	1631
1946	8789	7405
1993	173	1728
714	2164	10284
7320	6488	9639
8450	5086	3816
9563	8191	8496
5844	7881	1797
4873	8665	5268
5773	5130	5066
9729	9742	8834
2919	7340	9008
191	1614	5599
7414	7504	9795
2976	9434	3518
6583	10493	9808
746	1138	8327
4878	1119	8484
5160	5558	3527
6399	5034	2721
7162	1878	2925
9878	6071	10650
6887	8893	8187
7405	10172	6013
4852	4792	3405
10348	7596	7425
7162	3975	8893
6364	1636	3166
3630	1682	6887
2195	7021	9224
8367	8456	7099
9300	7274	9353
6490	2365	4966
4852	4792	4308
1946	4487	5706
2195	1139	7129
6887	6087	1084
6009	5893	4681
9399	8765	5697
8367	11000	5692
2919	9105	7278
9969	10017	3039
746	980	10486
10858	5271	7892
5876	2583	1308
8367	8140	10056
2358	10655	9629
5773	9155	5081
8367	2051	6647
5559	1749	6641
6887	890	1574
7837	9999	1480
4747	7021	9369
10784	6940	8053
9399	769	8701
2919	9210	3607
10784	7893	1913
9260	232	1399
10784	2605	952
4852	5429	4489
10518	9355	3560
1654	71	6600
5445	2790	3583
4878	2439	5861
2195	7471	7848
8004	1137	863
7162	5094	185
5372	3275	10505
7444	8680	10040
1946	11010	3580
5750	6935	122
2294	4845	3525
1946	5688	10038
3404	10822	4593
7573	2863	5421
1946	10932	9851
6009	3475	3942
2322	1226	8001
9770	1471	1880
7876	1144	6123
8367	6540	9080
6887	8531	5688
8111	542	3320
8976	2633	8209
9770	2956	8536
2919	6138	3975
9196	7319	5392
8367	4354	4327
4747	8082	9727
452	7105	7533
6399	10643	1682
10518	10960	1918
9120	1967	8226
9260	4400	3607
5372	10344	9080
8976	7537	9576
4852	4792	403
6887	9690	2582
6887	2085	5261
1230	3400	4346
7320	2141	3692
6887	5873	366
6039	8362	2161
8736	6087	10875
4791	369	3569
10518	5368	7972
6740	6031	3077
8736	5654	6249
6740	3560	2383
2919	1022	3819
2322	10946	5056
5300	3535	7859
1946	7422	8295
6399	5959	889
1946	1363	7930
10889	5688	7495
1946	1746	6919
6740	9896	2378
5750	4654	4286
10232	3147	736
6887	4190	7999
4904	4072	406
10784	4408	1651
10784	7099	6054
3526	5425	3465
2195	9493	9890
6009	5342	3087
4873	9784	9734
10719	7062	3304
6399	10290	6658
5300	2770	8702
7573	2965	4144
9196	6415	9954
7017	10416	3193
7162	7218	897
1946	6775	339
9149	548	10175
2919	5435	6818
972	10756	10684
6399	2369	2888
1185	6094	9672
5750	6631	1225
244	962	75
244	8540	2534
1946	3157	7485
9196	949	4463
2919	8045	5111
2919	1267	8603
9770	2994	6915
10518	3797	3775
9821	1764	3971
8450	8403	4751
8164	10351	1505
7162	2192	8364
6887	654	3304
9196	4018	5706
10530	5697	1473
1763	4903	9917
5773	11	10980
5445	4046	591
4852	4792	4185
2195	8687	10995
187	1317	10563
8728	5641	2944
5773	3832	1976
6009	4346	3534
9770	4922	538
2195	3818	7778
4852	4792	7626
8976	4712	9666
3920	8491	8845
10401	5509	1111
7162	3002	3804
6399	3539	2135
8367	4358	2255
6616	10145	3374
1946	7305	9216
6887	1164	3518
5773	7079	670
7876	136	1449
6887	8540	10628
4852	4792	3532
10348	4529	622
4287	4086	10703
6740	3320	4238
9120	10627	7
2195	9476	5132
4852	4792	8261
2195	8206	9629
6399	3498	2744
6566	5480	3667
9826	9139	8564
4628	6739	7039
1946	10651	9393
6399	9494	313
4791	191	5363
6399	3613	3141
1652	7656	6154
4852	4792	6038
2569	10942	1650
6740	271	670
10168	6071	8068
8367	7492	3874
8367	5452	2018
5803	865	6417
783	8427	2847
3549	6302	9651
2195	2018	2554
8976	9491	5131
5481	8321	4653
5372	1304	5677
5445	8535	2412
2195	3784	1277
5773	2662	5404
746	4603	3780
1824	10754	10608
2195	7359	5903
7316	1383	2186
972	3701	1626
8367	1495	10392
5844	6292	11015
8910	1404	6293
10518	2140	6542
10232	5166	695
746	83	3237
8367	6081	1479
9969	9051	3944
7162	8683	3248
6740	10966	7647
2222	2045	6891
191	2571	1862
1230	4832	6271
10518	10774	9060
2195	9494	2480
7320	6014	67
4020	6055	9629
3832	1734	5920
6399	4533	1682
2919	2869	10692
1946	7032	2130
7444	9262	2888
5658	5134	4643
10354	6094	9090
6887	9871	4676
7405	7032	7226
2358	8454	272
4852	5822	8695
5590	3713	10491
8831	5688	7051
5372	8312	7026
2976	362	5867
8976	6947	9080
9865	1971	7204
6399	8845	834
6887	2638	5188
627	7311	57
724	3599	3822
1946	5536	6348
6009	8515	4549
5559	4429	6704
8976	10968	2846
10784	9512	10053
2222	10652	1671
7321	3780	882
9120	535	3484
6399	2088	10481
12	10512	7296
7573	4906	9724
1946	8980	6529
6887	9284	7260
6887	8174	7620
1946	5511	2880
1230	10990	10883
6887	8946	8255
7162	1544	2162
10087	9999	3713
6887	9315	9747
1374	8919	3270
6887	10387	1676
8111	9570	4744
4852	1574	2726
10604	6237	7062
7316	9467	2747
5305	1454	10122
2195	6553	5118
2569	987	10872
3606	5650	10908
971	3094	10616
7414	6639	9145
5654	6944	8010
2919	5959	6465
8828	10270	5877
3728	144	10227
8736	9948	2093
6887	3790	7247
10518	6449	5878
6399	2499	5303
2195	3898	2350
5559	4801	3551
5773	7982	10400
9770	6376	7123
1946	3228	6774
3343	2132	9650
3181	1713	5290
10232	4477	648
8450	355	6029
10784	5031	5882
7162	8171	6869
2919	1819	8789
9729	2919	2800
2408	7245	2701
1946	4406	8781
4878	7452	6679
1946	10828	8136
2919	8727	10386
7316	2558	2065
6740	10122	1392
10889	2467	3394
6583	6094	2017
4852	2787	2704
4020	6766	10898
1946	1415	184
1946	6618	9971
9067	4525	2988
1946	4239	1892
4873	4945	630
8004	1830	3558
7451	7357	4085
7320	9289	670
3484	4889	1309
2195	10369	9119
1946	7088	8492
2454	3297	6391
10334	6089	2230
9770	4760	4698
3543	3275	8298
2919	10245	871
7162	10069	6425
9826	5072	5480
6887	3873	4665
6740	10243	1392
5773	2085	5989
2569	15	693
1946	2032	1520
8976	6242	8493
7067	1375	6074
5563	9494	7079
6887	2799	2526
9300	1641	2944
9120	4316	2544
6887	10623	3671
2478	3263	9274
8367	10627	9857
2195	5080	2675
7162	11012	5414
10784	2812	10629
3549	6563	5313
6887	3826	7975
6887	2849	9519
7313	10750	2554
4020	6227	731
6009	6335	3640
8648	9962	9874
5773	6345	2487
6951	1500	9811
5773	1913	852
1946	7952	2951
8367	8561	6384
7316	1691	9038
9969	6614	3486
2195	2731	9678
10127	10597	1710
8367	8983	2741
8367	4578	7031
10232	9194	8176
1946	4211	6849
2222	2953	5928
8910	548	1463
2919	10452	3333
5844	1345	7849
2095	6389	10614
4873	5674	10138
6887	8824	5773
1946	7769	8967
3733	3031	5316
746	10558	8743
2222	6667	670
9969	9494	3397
9770	3507	5255
5773	6849	882
746	7844	6164
2919	7019	10161
8450	8927	1613
4852	4792	925
2195	4852	6522
10982	851	7736
6887	6084	10470
7162	10574	1692
6399	3164	6625
1230	9494	7651
746	8810	5895
5559	6211	3943
10518	1096	4347
8438	7892	4587
7573	4509	10145
1946	9241	6927
2195	5651	9990
5481	5649	9004
9120	3806	5171
2976	8018	8536
3832	6825	933
6740	5880	8241
6009	10562	4934
4516	9235	5224
1303	2546	6516
9399	5688	4154
7831	999	8856
9300	6122	4313
191	6020	9486
2919	5414	5797
6887	6835	6619
8363	88	1590
5803	5491	6054
5654	6507	2923
7405	10588	350
6399	8067	2562
8367	3057	769
2195	9195	8193
9300	769	691
10784	7474	5971
9969	3275	8790
10518	10290	6578
9300	6871	3261
9946	4027	8553
4852	4792	2844
9300	7822	8865
6887	5124	6899
1374	1306	902
746	2636	10573
4852	3562	67
8976	8361	5212
5773	4010	4993
5559	209	46
4852	4792	4059
